elements
3
H O N
1 16 14
species
9
O
H 0 O 1 N 0
16.00
0.30309401E+01 -0.22525853E-02 0.39824540E-05 -0.32604921E-08 0.10152035E-11 0.29136526E+05 0.26099342E+01  0.25342961E+01 -0.12478170E-04 -0.12562724E-07 0.69029862E-11 -0.63797095E-15 0.29231108E+05 0.49628591E+01
O2
H 0 O 2  N 0
32.00
0.37837135E+01 -0.30233634E-02 0.99492751E-05 -0.98189101E-08 0.33031825E-11 -0.10638107E+04 0.36416345E+01 0.36122139E+01 0.74853166E-03 -0.19820647E-06 0.33749008E-10 -0.23907374E-14 -0.11978151E+04 0.36703307E+01
H
H 1 O 0  N 0
1.00
2.50000000E+00 0.00000000E+00 0.00000000E+00 0.00000000E+00 0.00000000E+00 2.54716270E+04 -4.60117620E-01 2.50000000E+00 0.00000000E+00 0.00000000E+00 0.00000000E+00 0.00000000E+00 2.54716270E+04 -4.60117630E-01
H2
H 2 O 0  N 0
2.00
0.33553514E+01 0.50136144E-03 -0.23006908E-06 -0.47905324E-09 0.48522585E-12 -0.10191626E+04 -0.35477228E+01 0.30667095E+01 0.57473755E-03 0.13938319E-07 -0.25483518E-10 0.29098574E-14 -0.86547412E+03 -0.17798424E+01
OH
H 1 O 1  N 0
17.00
0.38737300E+01 -0.13393772E-02 0.16348351E-05 -0.52133639E-09 0.41826974E-13 0.35802348E+04 0.34202406E+00 0.28897814E+01 0.10005879E-02 -0.22048807E-06 0.20191288E-10 -0.39409831E-15 0.38857042E+04 0.55566427E+01
H2O
H 2 O 1  N 0
18.00
0.41677234E+01 -0.18114970E-02 0.59471288E-05 -0.48692021E-08 0.15291991E-11 -0.30289969E+05 -0.73135474E+00 0.26110472E+01 0.31563130E-02 -0.92985438E-06 0.13331538E-09 -0.74689351E-14 -0.29868167E+05 0.72091268E+01
HO2
H 1 O 2  N 0
33.00
0.35094850E+01 0.11499670E-02 0.58784259E-05 -0.77795519E-08 0.29607883E-11 0.13803331E+04 0.68276325E+01 0.37866280E+01 0.27885404E-02 -0.10168708E-05 0.17183946E-09 -0.11021852E-13 0.11888500E+04 0.48147611E+01
H2O2
H 2 O 2  N 0
34.00
0.33887536E+01 0.65692260E-02 -0.14850126E-06 -0.46258055E-08 0.24715147E-11 -0.17663147E+05 0.67853631E+01 0.45731667E+01 0.43361363E-02 -0.14746888E-05 0.23489037E-09 -0.14316536E-13 -0.18006961E+05 0.50113696E+00
N2
H 0 O 0  N 2
28.00
3.70441770E+00 -1.42187530E-03 2.86703920E-06 -1.20288850E-09 -1.39546770E-14 -1.06407950E+03 2.23362850E+00 2.85328990E+00 1.60221280E-03 -6.29368930E-07 1.14410220E-10 -7.80574650E-15 -8.90080930E+02 6.39648970E+00